$ANSIBLE_VAULT;1.1;AES256
35346239323566353962616366636565333265346534373866643230616333386533373961366662
6638346164343336323761323163373932626463663762650a643162653232313335323763343639
32303562633063306637303631303432633332343833613362623836353266373361333965316533
3730613536643932610a356133383866346533386566383931376437333338396162616263346634
37623131353865333731646532633337616163656338323761386461336365636562626563663838
61306666376530336334363337623338306530353830343762633263663163613832346164643533
38366132386263653638633633653363623038303932373232343234353164626231303766633861
64666336643237376239343465313238613033383933636163326366346162383062383639383236
62653236646561316438346331626639356331643434353865396231363431363639613431646163
39376632623135336264303066303065613662366364646533626238396364376132383565313332
34383530643661363861303762353239643732663738666363333262613330613364633736343230
38613430323333303064343934633637346361646135376262376630333963663963353764303531
31633465373436336538313936346364366562303930626361313334363464633333653663326237
30376265636334326662393066386234376239663332303131353431323963333739383061396461
37663066383663366536353265363763356462363231643362346434643534313265613336646466
36343636646537653431383562633035646133343130626662623733373835393735383030663433
33376638643362376231643734363031396431343664346666366533623965393565373365383865
65333839336562626234393138663465386262363539636464333663646566303436366465623937
37616238333131326237346166313634383662386137366330623364653236633534373930653662
31353361346561323731323734396333653466373335646265366338313262613862373534353934
37316539313231613033323332396237323538353632336139626537613930353336363337666633
37326662336433363135396430613863636132643331363439346363633163373233643931656239
66346235313761303864373832313732643738373162376231626335623532343566623861373761
38326264613535653165646133616139613562653963353538316332316633623364373632383238
33393330626132303763306336316134663133386266396664616365363531383765373939653031
32373436386562323932346637656662373261316463363037316631636464643634356430333963
63653039353334646430303066663337373636636234613137386366633233383465393434636463
66663636613639656162626432623035336531623537366366313536303535393236373531366232
61653261373063646238623165643839326130623231663431346631386363646664323335386534
35666139643265616132346566346230393432393163643437306437623664616538646561623430
34643633376434363562376233393436316663353066363666393135613961653965306137316330
64613664643138323837663563303164636137333235353566346537356437353837623562336435
39373265343832303561626364623435353337373935313134343462613430346435393634613261
63336636636261396365633934386163396131343930386130386263643662353333643833396662
36336435343564343433373532363331336166663239313036343962313662333232656638643333
39316364323464643735666362353934663432336239626563373562613362396132346263653565
36303037646533636236616434633137383766336136623531303630396138353463313762336531
39373934336566336164306561656532366631643763623638343462633664366662396537643461
37333730356266333834333835346464313637376538306361303262386531633639386434633362
32646236393333656133366330656662623661623730313630613731636132616338323661326232
31316230323834363661353064333035346164303332626564346336303136646339353262303738
31646635386530316633633762616166363130373163383762376537326133393936396562356364
30326337316539623932303864336339386262633331333237346566313333653966303534656461
33366534656162343335663939646338393432653532393131303734623831383364663264376337
61366333326163656335303364366362386166386236373835363361346132626633306236323565
30336536333766343363313232613564396466646366323866346236663234353038303439313234
38363931336433333733336663386332643366636235643334313562643935356362326436643164
31353235303632626630353165663636336531383961663363613935326161616532303661336363
36303661613039376630386661623033376565313862323865323263303135643932346261633433
32343838616263333064663531636139346636363939633762626633353431333830353562313538
62356532326639376137363439616238363363363530336365663136326131663032316365366131
34333138313031306430653339333263363830616337643166376636323961626161373635663435
31383533666161383263303264393731656331383539323866356333373236663138656666313239
37616534343737633861616561386566316334656566613832303735636435653033383561363261
66393034623836636664623266396538616533373364393263653934323061633432333436366239
61653265663730313633623637633235623361663432393231346465373633346137313937663731
61623362643033656435393061386634303863306230303238313232633134316239613339666466
37653837343863626536353936383762366263613936383535393734373931393538616134633463
39343537613839653864306331326134386262383035383737316534373534306238653035623235
31356239303033393065353866346661333333613638623738643235336539656365313133396466
64363139633132663264323637393036653234646261313030623237396435633537376231343964
37323735396136623730303538343966323238306531333364316230613861636539313930386131
66336430313937346235613633316332373033306666623836633364643165366463313038303361
65613235393633613435666238353735656264303435633234386633333638373962303132646531
38333030633831616631323837373965393137386333353830373638313334653763343837653331
38366363363165353330633162643962616130633036353565373538656538343537373639626432
32313332396461633331633532396337663536363231336639333031656438636335626162346137
34323935366465323232383137353962333135356233376233326337346430643137376464336136
35323533613038366137323761373831396461363239383462303661653131336432373936373632
32613237373666396135363238346266336463313566353238343530323130376133356633376334
65346661656634646630313463376465613538363463643630323432326432336264336332373062
64636630353737616333383965353338623330626139353566356536623061393931366134633932
39323564633830353463623338316663616165333835313264396334356362393636303930333230
33316531653461613034333336363362396464383066386465653036306366643630333237313562
34313136613830613164643532376330353135623233336235376239663139616363353466626361
66666365626262353436653139656536376236396365643633623639663138373132643237373664
39396335326330343232333734653433323233333330376363333833353936363533386265626466
65666166323764613965633234663461393633393631623761386566653630636230353739656165
62393338613262663364643439616361343739383136336634383630316666356631343965393465
37333166613339363739623462363030643637333130623038663063656466363136396234373236
61363366393536353730663663663365373263336334336563363861326263376165353833363164
37613132633865643231373566313761383461653138373062333532663566353035663332303536
39396263346263313539633830663939663836643435303662323163613162353765323162383238
35313464303936396532323833343266653239343064373466646261666265666431383261366634
62333636656236303238323037353663333536396632373037313131393862336165613631333165
31373766656264376336393161353335656433663632333638346536386362353264613734323832
66336430643934393063326464383762646434663362363466636433343464633131383062356630
35356165306130313236663239303761343939616466326366333936653463343062363830396137
38663236636131363437353730346162636261656339643565306565323337346437336433653463
37653430633262363833626239363238656361363035653938336463666465336633376633343335
63643066623438323532343937356238376563333563646137326461663737383737653732633539
64346264656165653036613534303766663733626439366532633638393338313362313462376466
34346631323465643035303931343334346234666466623061356433353065383432373262303361
6139323261656433393739393034383065633666383935326261
